=================== RESULT TABLE (Unit: ms) ===================
Size (N)   | Tim Sort     | Merge Sort   | Quick Sort   | Heap Sort
---------------------------------------------------------------
10000      | 1.563        | 1.509        | 1.503        | 1.228
20000      | 1.585        | 1.628        | 1.495        | 1.255
40000      | 3.191        | 3.195        | 4.068        | 4.33
80000      | 6.993        | 11.025       | 10.021       | 6.296
160000     | 33.412       | 13.95        | 14.177       | 14.07
320000     | 32.681       | 32.434       | 28.655       | 32.417
640000     | 68.649       | 78.583       | 66.1         | 105.12
1280000    | 156.07       | 152.348      | 140.163      | 141.66
2560000    | 374.11       | 346.277      | 369.782      | 311.017
5120000    | 820.462      | 780.304      | 783.887      | 731.489
10240000   | 1502.07      | 1532         | 1390.98      | 1456.75
20480000   | 3347.9       | 3368.12      | 3278.93      | 3330.85
40960000   | 6794.32      | 7113.17      | 6874.11      | 6930.61
81920000   | 13629.3      | 13619.5      | 16644.4      | 29470.3
163840000  | 34914        | 52501.5      | 50690.8      | 34964.1   